8691891
9716792
2248813
2967284
3313349
3315657
4099085
4288245
8735778
3374719
4097119
4290056
6913939
9421819
1334913
2915821
3304648
3328556
3362208
3911767
4154799
4230470
9537916
9645370
3261820
3701005
3927656
3989122
4176156
9100911
1534265
1875434
1898228
3346545
4089896
4100790
9630905
1601547
1933343
2136756
2403029
2479362
3209959
3409284
3811036
4015919
4026825
4119751
2041109
2494762
2986140
3033715
3070385
3106263
3431940
4087509
5844518
9536886
9780496
1476437
1508861
1742775
2882334
3329569
3366302
4277600
9006154
