1339484
2731081
3594255
7212617
8691891
1150497
2166659
5205221
8574662
9716792
1753435
2132437
2248813
3486362
5108043
1216620
1438912
1445797
1793622
2009256
2589215
2799329
2967284
3313349
3315657
3804254
4099085
4288245
6709880
8735778
1351931
1427581
1523112
1616468
1781836
2021454
2328270
2475376
2505567
2541244
2784584
2861923
2868630
3374719
3466763
3611212
3965194
4097119
4126393
4143704
4290056
4323037
5461463
6539040
6692978
6913939
9421819
1271401
1334556
1334913
1525492
1591238
1943306
2674565
2678751
2915821
3304648
3328556
3362208
3431295
3729976
3815065
3911767
3934325
3951328
4154799
4230470
8317157
9537916
9645370
1125244
1288657
1292527
1522653
1709141
2113846
2221971
2457957
2465771
2483617
2524225
2652676
2864064
2970212
3261820
3606220
3701005
3795193
3927656
3989122
4176156
4487215
4710111
9100911
1013090
1034049
1264721
1309257
1534265
1875434
1898228
2005303
2139745
2160826
2286816
2675807
3081896
3346545
3492484
3566919
3827479
3875444
4077433
4089896
4100790
4188346
4417007
5161117
5279162
9630905
1097782
1285465
1601547
1713513
1734822
1903493
1931386
1933343
2136756
2286053
2357976
2403029
2479362
2513310
3209959
3409284
3811036
4015919
4026825
4119751
1103722
1143655
1192435
1366839
1382333
1764982
1915832
1935851
1961098
2041109
2362594
2494762
2631208
2986140
3033715
3070385
3094481
3106263
3166395
3431940
3773269
3848143
3895064
4087509
5844518
6471972
8628499
9536886
9780496
1322220
1476437
1494230
1508861
1654606
1742775
1757866
1834799
1940084
2071045
2176073
2258252
2436415
2531270
2788776
2842950
2882334
3329569
3366302
3695138
3755111
3808535
3893245
4006955
4277600
4791943
7055197
9006154